0 50 0.18262282013893127 0.18262282013893127 0.4273439 

0 100 0.17466115951538086 0.17466115951538086 0.41792485 

0 150 0.1306813359260559 0.1306813359260559 0.36149874 

1 50 0.12075876444578171 0.12075876444578171 0.3475036 

1 100 0.13075906038284302 0.13075906038284302 0.3616062 

1 150 0.135945126414299 0.135945126414299 0.36870736 

2 50 0.1333165019750595 0.1333165019750595 0.36512536 

2 100 0.13485784828662872 0.13485784828662872 0.36722994 

2 150 0.10715731978416443 0.10715731978416443 0.32734895 

3 50 0.1208377256989479 0.1208377256989479 0.3476172 

3 100 0.12109027057886124 0.12109027057886124 0.3479803 

3 150 0.1257959008216858 0.1257959008216858 0.35467717 

4 50 0.09664349257946014 0.09664349257946014 0.3108754 

4 100 0.1137656420469284 0.1137656420469284 0.33729163 

4 150 0.10820707678794861 0.10820707678794861 0.32894844 

5 50 0.10628828406333923 0.10628828406333923 0.32601884 

5 100 0.10989435017108917 0.10989435017108917 0.33150315 

5 150 0.09615068137645721 0.09615068137645721 0.31008172 

6 50 0.0944308191537857 0.0944308191537857 0.30729598 

6 100 0.08312784135341644 0.08312784135341644 0.28831896 

6 150 0.09037560969591141 0.09037560969591141 0.30062535 

7 50 0.08276557922363281 0.08276557922363281 0.28769007 

7 100 0.08199849724769592 0.08199849724769592 0.2863538 

7 150 0.07190139591693878 0.07190139591693878 0.26814434 

8 50 0.07609426975250244 0.07609426975250244 0.2758519 

8 100 0.08142466843128204 0.08142466843128204 0.28535008 

8 150 0.0670342892408371 0.0670342892408371 0.25890982 

9 50 0.06943318992853165 0.06943318992853165 0.2635018 

9 100 0.060151584446430206 0.060151584446430206 0.2452582 

9 150 0.05707415193319321 0.05707415193319321 0.23890197 

10 50 0.06148425117135048 0.06148425117135048 0.24796018 

10 100 0.06136184185743332 0.06136184185743332 0.24771322 

10 150 0.0564754456281662 0.0564754456281662 0.23764563 

11 50 0.06291671097278595 0.06291671097278595 0.25083205 

11 100 0.05530819296836853 0.05530819296836853 0.23517695 

11 150 0.05423462390899658 0.05423462390899658 0.23288329 

12 50 0.053128499537706375 0.053128499537706375 0.23049621 

12 100 0.04998639225959778 0.04998639225959778 0.22357637 

12 150 0.05057978630065918 0.05057978630065918 0.22489952 

13 50 0.04778271168470383 0.04778271168470383 0.21859257 

13 100 0.04613924026489258 0.04613924026489258 0.21480048 

13 150 0.040423810482025146 0.040423810482025146 0.20105673 

14 50 0.049228303134441376 0.049228303134441376 0.22187452 

14 100 0.04352258890867233 0.04352258890867233 0.20862068 

14 150 0.04623030126094818 0.04623030126094818 0.21501234 

15 50 0.0439351461827755 0.0439351461827755 0.20960712 

15 100 0.04374673590064049 0.04374673590064049 0.2091572 

15 150 0.03807145357131958 0.03807145357131958 0.19511908 

16 50 0.04016759991645813 0.04016759991645813 0.20041856 

16 100 0.03819376602768898 0.03819376602768898 0.19543226 

16 150 0.03471953421831131 0.03471953421831131 0.18633178 

17 50 0.03766128048300743 0.03766128048300743 0.19406514 

17 100 0.03938627988100052 0.03938627988100052 0.19845977 

17 150 0.037516459822654724 0.037516459822654724 0.19369167 

18 50 0.03674313426017761 0.03674313426017761 0.19168498 

18 100 0.040769096463918686 0.040769096463918686 0.20191358 

18 150 0.034550465643405914 0.034550465643405914 0.18587756 

19 50 0.03439303860068321 0.03439303860068321 0.18545361 

19 100 0.03467651829123497 0.03467651829123497 0.18621632 

19 150 0.035216376185417175 0.035216376185417175 0.18766026 

20 50 0.034998372197151184 0.034998372197151184 0.1870785 

20 100 0.033493928611278534 0.033493928611278534 0.18301345 

20 150 0.036203719675540924 0.036203719675540924 0.19027273 

21 50 0.036796458065509796 0.036796458065509796 0.19182402 

21 100 0.034189142286777496 0.034189142286777496 0.18490306 

21 150 0.033069148659706116 0.033069148659706116 0.18184924 

22 50 0.0356440469622612 0.0356440469622612 0.18879631 

22 100 0.030470198020339012 0.030470198020339012 0.17455715 

22 150 0.03057587519288063 0.03057587519288063 0.17485958 

23 50 0.03065161593258381 0.03065161593258381 0.17507602 

23 100 0.03068673238158226 0.03068673238158226 0.1751763 

23 150 0.029758939519524574 0.029758939519524574 0.1725078 

24 50 0.02972247637808323 0.02972247637808323 0.17240208 

24 100 0.029312513768672943 0.029312513768672943 0.17120898 

24 150 0.03087623231112957 0.03087623231112957 0.17571634 

25 50 0.031351346522569656 0.031351346522569656 0.17706311 

25 100 0.028391171246767044 0.028391171246767044 0.1684968 

25 150 0.030370067805051804 0.030370067805051804 0.1742701 

26 50 0.02912905625998974 0.02912905625998974 0.17067236 

26 100 0.029169810935854912 0.029169810935854912 0.17079172 

26 150 0.028210140764713287 0.028210140764713287 0.16795875 

27 50 0.028476761654019356 0.028476761654019356 0.1687506 

27 100 0.027752574533224106 0.027752574533224106 0.16659103 

27 150 0.029146887362003326 0.029146887362003326 0.17072459 

28 50 0.02641943097114563 0.02641943097114563 0.16254056 

28 100 0.02956458553671837 0.02956458553671837 0.17194356 

28 150 0.027623414993286133 0.027623414993286133 0.16620292 

29 50 0.027551952749490738 0.027551952749490738 0.1659878 

29 100 0.0268017016351223 0.0268017016351223 0.16371225 

29 150 0.02795511484146118 0.02795511484146118 0.16719782 

30 50 0.025767352432012558 0.025767352432012558 0.16052213 

30 100 0.024235660210251808 0.024235660210251808 0.15567806 

30 150 0.025638239458203316 0.025638239458203316 0.16011946 

31 50 0.025185536593198776 0.025185536593198776 0.15869951 

31 100 0.027201399207115173 0.027201399207115173 0.16492847 

31 150 0.027595654129981995 0.027595654129981995 0.1661194 

32 50 0.027199257165193558 0.027199257165193558 0.16492195 

32 100 0.027125731110572815 0.027125731110572815 0.1646989 

32 150 0.025324374437332153 0.025324374437332153 0.15913633 

33 50 0.0256485715508461 0.0256485715508461 0.16015172 

33 100 0.024632956832647324 0.024632956832647324 0.1569489 

33 150 0.02422090619802475 0.02422090619802475 0.15563068 

34 50 0.027967583388090134 0.027967583388090134 0.16723512 

34 100 0.02396218292415142 0.02396218292415142 0.15479724 

34 150 0.023826472461223602 0.023826472461223602 0.15435825 

35 50 0.025955278426408768 0.025955278426408768 0.16110642 

35 100 0.027058828622102737 0.027058828622102737 0.16449568 

35 150 0.02357521280646324 0.02357521280646324 0.15354222 

36 50 0.02429603412747383 0.02429603412747383 0.15587185 

36 100 0.023577429354190826 0.023577429354190826 0.15354943 

36 150 0.025767125189304352 0.025767125189304352 0.16052142 

37 50 0.023920444771647453 0.023920444771647453 0.15466237 

37 100 0.02286282554268837 0.02286282554268837 0.15120457 

37 150 0.024445680901408195 0.024445680901408195 0.15635113 

38 50 0.02562618814408779 0.02562618814408779 0.16008182 

38 100 0.02393440343439579 0.02393440343439579 0.15470748 

38 150 0.02249222993850708 0.02249222993850708 0.14997411 

39 50 0.024775337427854538 0.024775337427854538 0.15740183 

39 100 0.023536628112196922 0.023536628112196922 0.15341651 

39 150 0.022333940491080284 0.022333940491080284 0.14944544 

40 50 0.021936746314167976 0.021936746314167976 0.14811058 

40 100 0.02419941872358322 0.02419941872358322 0.15556161 

40 150 0.021514514461159706 0.021514514461159706 0.14667827 

41 50 0.021605180576443672 0.021605180576443672 0.146987 

41 100 0.022649317979812622 0.022649317979812622 0.15049691 

41 150 0.021421710029244423 0.021421710029244423 0.14636157 

42 50 0.02226579189300537 0.02226579189300537 0.14921726 

42 100 0.022880174219608307 0.022880174219608307 0.15126193 

42 150 0.020664338022470474 0.020664338022470474 0.14375097 

43 50 0.023368895053863525 0.023368895053863525 0.15286888 

43 100 0.02315652370452881 0.02315652370452881 0.15217268 

43 150 0.022176053375005722 0.022176053375005722 0.14891626 

44 50 0.02245619334280491 0.02245619334280491 0.14985391 

44 100 0.02214972674846649 0.02214972674846649 0.14882785 

44 150 0.02072647213935852 0.02072647213935852 0.14396691 

45 50 0.021715452894568443 0.021715452894568443 0.14736164 

45 100 0.02430732548236847 0.02430732548236847 0.15590806 

45 150 0.021055448800325394 0.021055448800325394 0.14510496 

46 50 0.02177238091826439 0.02177238091826439 0.14755467 

46 100 0.021875249221920967 0.021875249221920967 0.14790283 

46 150 0.020916415378451347 0.020916415378451347 0.1446251 

47 50 0.020070388913154602 0.020070388913154602 0.14166999 

47 100 0.020923294126987457 0.020923294126987457 0.14464886 

47 150 0.023164168000221252 0.023164168000221252 0.15219781 

48 50 0.019750287756323814 0.019750287756323814 0.14053571 

48 100 0.022059669718146324 0.022059669718146324 0.14852497 

48 150 0.019101401790976524 0.019101401790976524 0.13820782 

49 50 0.021614648401737213 0.021614648401737213 0.14701921 

49 100 0.01953519880771637 0.01953519880771637 0.13976839 

49 150 0.019997436553239822 0.019997436553239822 0.14141229 

50 50 0.020633980631828308 0.020633980631828308 0.14364533 

50 100 0.019285574555397034 0.019285574555397034 0.13887252 

50 150 0.01977948471903801 0.01977948471903801 0.14063954 

51 50 0.023307587951421738 0.023307587951421738 0.15266824 

51 100 0.021458586677908897 0.021458586677908897 0.1464875 

51 150 0.01869092881679535 0.01869092881679535 0.13671477 

52 50 0.0206892192363739 0.0206892192363739 0.14383748 

52 100 0.020582295954227448 0.020582295954227448 0.1434653 

52 150 0.020832698792219162 0.020832698792219162 0.14433537 

53 50 0.02149164490401745 0.02149164490401745 0.14660028 

53 100 0.01934715360403061 0.01934715360403061 0.13909404 

53 150 0.020485330373048782 0.020485330373048782 0.14312698 

54 50 0.02096940204501152 0.02096940204501152 0.14480817 

54 100 0.01860915496945381 0.01860915496945381 0.13641538 

54 150 0.01871635764837265 0.01871635764837265 0.13680774 

55 50 0.018198639154434204 0.018198639154434204 0.13490234 

55 100 0.018624652177095413 0.018624652177095413 0.13647218 

55 150 0.02043597213923931 0.02043597213923931 0.14295445 

56 50 0.018712354823946953 0.018712354823946953 0.1367931 

56 100 0.018235113471746445 0.018235113471746445 0.13503745 

56 150 0.020598875358700752 0.020598875358700752 0.14352308 

57 50 0.019778499379754066 0.019778499379754066 0.14063606 

57 100 0.019146671518683434 0.019146671518683434 0.1383715 

57 150 0.019827215000987053 0.019827215000987053 0.14080915 

58 50 0.01956598460674286 0.01956598460674286 0.13987845 

58 100 0.017877671867609024 0.017877671867609024 0.1337074 

58 150 0.020206086337566376 0.020206086337566376 0.1421481 

59 50 0.018420279026031494 0.018420279026031494 0.13572133 

59 100 0.01801668107509613 0.01801668107509613 0.13422623 

59 150 0.02069493755698204 0.02069493755698204 0.14385734 

60 50 0.020416345447301865 0.020416345447301865 0.14288577 

60 100 0.02021637372672558 0.02021637372672558 0.14218429 

60 150 0.01909283921122551 0.01909283921122551 0.13817684 

61 50 0.01930398680269718 0.01930398680269718 0.13893878 

61 100 0.01862248033285141 0.01862248033285141 0.13646421 

61 150 0.01727181486785412 0.01727181486785412 0.13142228 

62 50 0.019549928605556488 0.019549928605556488 0.13982105 

62 100 0.0204096008092165 0.0204096008092165 0.14286217 

62 150 0.01858474500477314 0.01858474500477314 0.13632588 

63 50 0.018101409077644348 0.018101409077644348 0.13454148 

63 100 0.01859748363494873 0.01859748363494873 0.1363726 

63 150 0.019208405166864395 0.019208405166864395 0.1385944 

64 50 0.018666375428438187 0.018666375428438187 0.13662495 

64 100 0.018894096836447716 0.018894096836447716 0.13745579 

64 150 0.016974586993455887 0.016974586993455887 0.13028654 

65 50 0.018475208431482315 0.018475208431482315 0.13592353 

65 100 0.01887686178088188 0.01887686178088188 0.13739309 

65 150 0.020030826330184937 0.020030826330184937 0.1415303 

66 50 0.018955396488308907 0.018955396488308907 0.1376786 

66 100 0.01831841468811035 0.01831841468811035 0.13534553 

66 150 0.020438261330127716 0.020438261330127716 0.14296244 

67 50 0.01831815578043461 0.01831815578043461 0.13534458 

67 100 0.01856997236609459 0.01856997236609459 0.13627169 

67 150 0.01716197282075882 0.01716197282075882 0.13100371 

68 50 0.017867429181933403 0.017867429181933403 0.13366911 

68 100 0.017667286098003387 0.017667286098003387 0.13291834 

68 150 0.018878910690546036 0.018878910690546036 0.13740055 

69 50 0.019826427102088928 0.019826427102088928 0.14080633 

69 100 0.01770159788429737 0.01770159788429737 0.13304736 

69 150 0.016477789729833603 0.016477789729833603 0.12836584 

70 50 0.01724771037697792 0.01724771037697792 0.13133053 

70 100 0.017626028507947922 0.017626028507947922 0.13276306 

70 150 0.018192976713180542 0.018192976713180542 0.13488133 

71 50 0.017460128292441368 0.017460128292441368 0.13213678 

71 100 0.01702818274497986 0.01702818274497986 0.13049208 

71 150 0.01750348135828972 0.01750348135828972 0.13230072 

72 50 0.01698979362845421 0.01698979362845421 0.1303449 

72 100 0.016391513869166374 0.016391513869166374 0.12802935 

72 150 0.016977472230792046 0.016977472230792046 0.13029763 

73 50 0.016891002655029297 0.016891002655029297 0.1299654 

73 100 0.017760595306754112 0.017760595306754112 0.13326888 

73 150 0.015908513218164444 0.015908513218164444 0.12612894 

74 50 0.017712527886033058 0.017712527886033058 0.13308841 

74 100 0.017581701278686523 0.017581701278686523 0.132596 

74 150 0.017615441232919693 0.017615441232919693 0.13272317 

75 50 0.01664533093571663 0.01664533093571663 0.12901677 

75 100 0.017735183238983154 0.017735183238983154 0.13317351 

75 150 0.017652537673711777 0.017652537673711777 0.13286285 

76 50 0.016397016122937202 0.016397016122937202 0.12805085 

76 100 0.017893871292471886 0.017893871292471886 0.13376798 

76 150 0.01691269688308239 0.01691269688308239 0.13004883 

77 50 0.01681508496403694 0.01681508496403694 0.129673 

77 100 0.016180966049432755 0.016180966049432755 0.12720443 

77 150 0.018685605376958847 0.018685605376958847 0.1366953 

78 50 0.017362937331199646 0.017362937331199646 0.1317685 

78 100 0.017023805528879166 0.017023805528879166 0.13047531 

78 150 0.017333436757326126 0.017333436757326126 0.13165651 

79 50 0.017319120466709137 0.017319120466709137 0.13160214 

79 100 0.016997627913951874 0.016997627913951874 0.13037495 

79 150 0.01733505353331566 0.01733505353331566 0.13166265 

80 50 0.016767872497439384 0.016767872497439384 0.12949081 

80 100 0.01627497375011444 0.01627497375011444 0.1275734 

80 150 0.01691138930618763 0.01691138930618763 0.1300438 

81 50 0.016723867505788803 0.016723867505788803 0.1293208 

81 100 0.016629241406917572 0.016629241406917572 0.12895441 

81 150 0.01606399565935135 0.01606399565935135 0.12674381 

82 50 0.016995247453451157 0.016995247453451157 0.13036582 

82 100 0.016602184623479843 0.016602184623479843 0.12884946 

82 150 0.01629754528403282 0.01629754528403282 0.12766184 

83 50 0.016657579690217972 0.016657579690217972 0.12906425 

83 100 0.01708400994539261 0.01708400994539261 0.13070582 

83 150 0.01667742431163788 0.01667742431163788 0.1291411 

84 50 0.016985967755317688 0.016985967755317688 0.13033023 

84 100 0.01766865700483322 0.01766865700483322 0.13292351 

84 150 0.01659911870956421 0.01659911870956421 0.12883757 

85 50 0.016271620988845825 0.016271620988845825 0.12756026 

85 100 0.01654830574989319 0.01654830574989319 0.12864022 

85 150 0.017706044018268585 0.017706044018268585 0.13306405 

86 50 0.015712134540081024 0.015712134540081024 0.12534805 

86 100 0.016320813447237015 0.016320813447237015 0.12775294 

86 150 0.01669168844819069 0.01669168844819069 0.12919632 

87 50 0.017345957458019257 0.017345957458019257 0.13170405 

87 100 0.01625821553170681 0.01625821553170681 0.1275077 

87 150 0.016335058957338333 0.016335058957338333 0.12780868 

88 50 0.01568615809082985 0.01568615809082985 0.1252444 

88 100 0.015240619890391827 0.015240619890391827 0.1234529 

88 150 0.01648601144552231 0.01648601144552231 0.12839787 

89 50 0.017162330448627472 0.017162330448627472 0.13100508 

89 100 0.01703288033604622 0.01703288033604622 0.13051008 

89 150 0.015268053859472275 0.015268053859472275 0.12356397 

90 50 0.015096241608262062 0.015096241608262062 0.122866765 

90 100 0.014696674421429634 0.014696674421429634 0.12122984 

90 150 0.015158813446760178 0.015158813446760178 0.123121135 

91 50 0.01499025709927082 0.01499025709927082 0.1224347 

91 100 0.016067344695329666 0.016067344695329666 0.12675703 

91 150 0.01633114367723465 0.01633114367723465 0.12779336 

92 50 0.01676076278090477 0.01676076278090477 0.12946336 

92 100 0.015152066014707088 0.015152066014707088 0.12309373 

92 150 0.016322322189807892 0.016322322189807892 0.12775885 

93 50 0.015511317178606987 0.015511317178606987 0.124544434 

93 100 0.015829473733901978 0.015829473733901978 0.12581524 

93 150 0.016176342964172363 0.016176342964172363 0.12718625 

94 50 0.016395393759012222 0.016395393759012222 0.1280445 

94 100 0.015086227096617222 0.015086227096617222 0.122825995 

94 150 0.015497959218919277 0.015497959218919277 0.1244908 

95 50 0.015146530233323574 0.015146530233323574 0.12307124 

95 100 0.017123136669397354 0.017123136669397354 0.1308554 

95 150 0.015024660155177116 0.015024660155177116 0.12257512 

96 50 0.01628514751791954 0.01628514751791954 0.12761326 

96 100 0.015225785784423351 0.015225785784423351 0.12339281 

96 150 0.01444970816373825 0.01444970816373825 0.12020694 

97 50 0.014382729306817055 0.014382729306817055 0.11992801 

97 100 0.014521959237754345 0.014521959237754345 0.12050709 

97 150 0.014178966172039509 0.014178966172039509 0.11907547 

98 50 0.0158059224486351 0.0158059224486351 0.1257216 

98 100 0.015701640397310257 0.015701640397310257 0.12530619 

98 150 0.014954185113310814 0.014954185113310814 0.1222873 

99 50 0.015363289043307304 0.015363289043307304 0.123948745 

99 100 0.01522951852530241 0.01522951852530241 0.12340793 

99 150 0.014437193050980568 0.014437193050980568 0.120154865 

100 50 0.015017682686448097 0.015017682686448097 0.12254666 

100 100 0.015583961270749569 0.015583961270749569 0.12483574 

100 150 0.015139244496822357 0.015139244496822357 0.123041645 

