0 50 1.083985447883606 18.574907302856445 0.24098392 

0 100 1.0502729415893555 15.720333099365234 0.21128406 

0 150 1.0260906219482422 18.727298736572266 0.24407834 

1 50 1.0119848251342773 19.240262985229492 0.25627497 

1 100 1.0184335708618164 18.294504165649414 0.23941416 

1 150 1.1722259521484375 16.38955307006836 0.21488151 

2 50 1.011742115020752 15.862613677978516 0.21108662 

2 100 1.0098239183425903 16.848384857177734 0.22298576 

2 150 1.0089709758758545 17.20650863647461 0.2218504 

3 50 1.0084633827209473 16.423696517944336 0.21576448 

3 100 1.3039681911468506 15.682281494140625 0.20635012 

3 150 1.4386035203933716 17.199323654174805 0.2332882 

4 50 1.4115980863571167 14.501972198486328 0.19314024 

4 100 1.3002383708953857 14.454141616821289 0.19061251 

4 150 1.3477067947387695 15.617592811584473 0.20575008 

5 50 1.240893006324768 13.054082870483398 0.1740101 

5 100 1.3540077209472656 14.251814842224121 0.19256836 

5 150 1.0180401802062988 15.998363494873047 0.21288432 

6 50 1.1145919561386108 13.862442016601562 0.18357441 

6 100 1.0244176387786865 15.068507194519043 0.1974792 

6 150 1.01088285446167 16.341739654541016 0.21630599 

7 50 1.0069701671600342 15.57851791381836 0.20855772 

7 100 1.0081853866577148 15.489742279052734 0.19858989 

7 150 1.0072965621948242 13.387697219848633 0.17873023 

8 50 1.006770372390747 14.73611068725586 0.19503981 

8 100 1.0067332983016968 15.849968910217285 0.21171482 

8 150 1.00908362865448 13.528142929077148 0.17791031 

9 50 1.008242130279541 13.432847023010254 0.1781489 

9 100 1.0070093870162964 12.699227333068848 0.16799232 

9 150 1.007153034210205 13.370102882385254 0.17429414 

10 50 1.0068097114562988 12.253568649291992 0.16405769 

10 100 1.0069661140441895 13.49643611907959 0.17794491 

10 150 1.0066580772399902 12.680267333984375 0.16801454 

11 50 1.0066730976104736 12.76143741607666 0.16976768 

11 100 1.0066182613372803 12.815230369567871 0.1708057 

11 150 1.0067291259765625 12.782135963439941 0.17095122 

12 50 1.0065642595291138 13.300698280334473 0.17386481 

12 100 1.0065829753875732 12.577768325805664 0.16673377 

12 150 1.0065603256225586 12.191621780395508 0.16070132 

13 50 1.0064899921417236 14.131577491760254 0.18526119 

13 100 1.0068244934082031 11.839886665344238 0.15823913 

13 150 1.0065819025039673 12.184975624084473 0.16101363 

14 50 1.0065670013427734 12.080601692199707 0.16324693 

14 100 1.006568193435669 11.425804138183594 0.15474117 

14 150 1.0065282583236694 10.856598854064941 0.14253213 

15 50 1.0065773725509644 10.791640281677246 0.14286382 

15 100 1.006631851196289 11.596030235290527 0.15253411 

15 150 1.0065302848815918 11.252270698547363 0.1482532 

16 50 1.0065176486968994 12.331077575683594 0.16141403 

16 100 1.0065653324127197 11.64280891418457 0.15381949 

16 150 1.0065311193466187 11.356918334960938 0.15274015 

17 50 1.0065138339996338 10.84969711303711 0.14570111 

17 100 1.0065582990646362 11.792439460754395 0.15715623 

17 150 1.0065678358078003 11.246896743774414 0.14721829 

18 50 1.0064985752105713 11.957902908325195 0.1568005 

18 100 1.0064811706542969 12.804781913757324 0.16884182 

18 150 1.0064725875854492 10.845947265625 0.14319687 

19 50 1.0065048933029175 11.204802513122559 0.14933646 

19 100 1.0065219402313232 10.657931327819824 0.13908462 

19 150 1.006495475769043 11.378128051757812 0.1501342 

20 50 1.0064902305603027 10.075648307800293 0.13413002 

20 100 1.0064669847488403 10.712394714355469 0.14384364 

20 150 1.0065454244613647 10.50216007232666 0.14007626 

21 50 1.0064975023269653 10.315415382385254 0.13670574 

21 100 1.0065399408340454 11.353965759277344 0.14996098 

21 150 1.0064873695373535 10.161458969116211 0.13611431 

22 50 1.00645911693573 12.638383865356445 0.16562852 

22 100 1.0064688920974731 9.958314895629883 0.13238755 

22 150 1.006458044052124 10.493059158325195 0.13752335 

23 50 1.0064544677734375 10.773463249206543 0.14183614 

23 100 1.0064587593078613 10.157371520996094 0.13586944 

23 150 1.0064842700958252 10.389591217041016 0.13782084 

24 50 1.0064465999603271 9.952691078186035 0.13092579 

24 100 1.0064504146575928 10.018675804138184 0.13371602 

24 150 1.0064499378204346 11.689108848571777 0.15400402 

25 50 1.0064420700073242 11.022275924682617 0.14597853 

25 100 1.006442904472351 10.378376007080078 0.13716885 

25 150 1.0064836740493774 9.78978157043457 0.13147122 

26 50 1.006450891494751 10.138694763183594 0.13483374 

26 100 1.0064594745635986 10.041550636291504 0.13295873 

26 150 1.0065093040466309 9.517882347106934 0.12500477 

27 50 1.006445050239563 10.315303802490234 0.13524981 

27 100 1.0064308643341064 9.821792602539062 0.13295777 

27 150 1.006447196006775 9.853639602661133 0.13085425 

28 50 1.4210395812988281 10.468639373779297 0.13968657 

28 100 1.4060001373291016 10.897019386291504 0.1479954 

28 150 1.386223554611206 10.59996223449707 0.13695161 

29 50 1.3862919807434082 9.649772644042969 0.12815191 

29 100 1.386263370513916 10.55610466003418 0.13978821 

29 150 1.3863277435302734 10.05139446258545 0.13261913 

30 50 1.3854315280914307 10.183999061584473 0.13487956 

30 100 1.4690723419189453 8.975578308105469 0.119921096 

30 150 1.061961054801941 10.456886291503906 0.13544807 

31 50 1.0536528825759888 10.40434455871582 0.13840173 

31 100 1.0266883373260498 9.735442161560059 0.1281519 

31 150 1.0219755172729492 9.71912670135498 0.12613651 

32 50 1.5403980016708374 9.911054611206055 0.13303433 

32 100 1.5177339315414429 10.449740409851074 0.1445054 

32 150 1.500665545463562 9.49923324584961 0.12725721 

33 50 1.3877856731414795 8.864481925964355 0.1179025 

33 100 1.3859918117523193 9.309479713439941 0.12358001 

33 150 1.3865411281585693 9.64618968963623 0.12841976 

34 50 1.3864712715148926 9.60931396484375 0.1286961 

34 100 1.3861258029937744 11.117538452148438 0.14615156 

34 150 1.386273980140686 9.546453475952148 0.12330654 

35 50 1.3862159252166748 9.422249794006348 0.124653995 

35 100 1.3862195014953613 9.298384666442871 0.1230745 

35 150 1.3864340782165527 8.87839126586914 0.11599376 

36 50 1.3865025043487549 9.975995063781738 0.13041249 

36 100 1.3863168954849243 10.140520095825195 0.13376963 

36 150 1.3860347270965576 9.924314498901367 0.1306098 

37 50 1.3862812519073486 9.889930725097656 0.12857287 

37 100 1.38624906539917 9.378313064575195 0.12620324 

37 150 1.3858641386032104 9.193623542785645 0.12210741 

38 50 1.386170744895935 8.746026992797852 0.11511136 

38 100 1.3861253261566162 8.814388275146484 0.1174252 

38 150 1.3862073421478271 9.928706169128418 0.13137954 

39 50 1.386068344116211 9.515608787536621 0.12550767 

39 100 1.385556697845459 8.53989315032959 0.11258633 

39 150 1.3863966464996338 9.071383476257324 0.120419264 

40 50 1.3859617710113525 11.773984909057617 0.15513666 

40 100 1.3861629962921143 9.589469909667969 0.1263198 

40 150 1.3864672183990479 9.18764591217041 0.12277736 

41 50 1.3835101127624512 9.207018852233887 0.12261975 

41 100 1.3863370418548584 9.33586597442627 0.12229114 

41 150 1.3864116668701172 9.267988204956055 0.12211757 

42 50 1.3861298561096191 9.706195831298828 0.1263048 

42 100 1.386174201965332 9.362521171569824 0.12281008 

42 150 1.385563611984253 9.308863639831543 0.12096422 

43 50 1.3861615657806396 9.239495277404785 0.123622224 

43 100 1.38639497756958 8.890266418457031 0.118683815 

43 150 1.3863542079925537 9.287369728088379 0.12213064 

44 50 1.3863208293914795 9.046302795410156 0.119406916 

44 100 1.3861840963363647 8.900511741638184 0.11550734 

44 150 1.3864071369171143 9.337640762329102 0.12459161 

45 50 1.3860697746276855 8.727907180786133 0.11421972 

45 100 1.384943962097168 9.526497840881348 0.124622755 

45 150 1.3854204416275024 8.723097801208496 0.114615664 

46 50 1.3819303512573242 9.210384368896484 0.12059438 

46 100 1.3866311311721802 8.91766357421875 0.118724905 

46 150 1.4255419969558716 8.589442253112793 0.116276994 

47 50 1.3850200176239014 9.214676856994629 0.12007679 

47 100 1.3651474714279175 9.593704223632812 0.12783898 

47 150 1.3803765773773193 8.875349044799805 0.11698054 

48 50 1.3858692646026611 9.163799285888672 0.12068324 

48 100 1.3792667388916016 9.167428970336914 0.1215244 

48 150 1.3225536346435547 9.02171802520752 0.11739998 

49 50 1.2935137748718262 9.189926147460938 0.12198474 

49 100 1.2434511184692383 8.327051162719727 0.11049629 

49 150 1.1877195835113525 9.497804641723633 0.12378531 

50 50 1.1709829568862915 8.296072959899902 0.11021029 

50 100 1.2805376052856445 8.191807746887207 0.109110095 

50 150 1.0983638763427734 8.6883544921875 0.11520744 

51 50 1.0975027084350586 9.009352684020996 0.11891838 

51 100 1.0964332818984985 8.042252540588379 0.106385574 

51 150 1.1479885578155518 7.960875988006592 0.1031461 

52 50 1.0883818864822388 8.791478157043457 0.116079345 

52 100 1.079919695854187 8.313244819641113 0.11079698 

52 150 1.0523104667663574 8.506124496459961 0.11250897 

53 50 1.0458459854125977 10.198850631713867 0.13552028 

53 100 1.0263545513153076 9.19085693359375 0.12185637 

53 150 1.0186481475830078 7.949724197387695 0.10570612 

54 50 1.2174382209777832 8.21261215209961 0.10892973 

54 100 1.188877820968628 8.77084732055664 0.11509651 

54 150 1.1246665716171265 7.9078369140625 0.10561591 

55 50 1.008758544921875 9.083722114562988 0.1191775 

55 100 1.0072213411331177 8.697260856628418 0.11515832 

55 150 1.0158125162124634 8.897842407226562 0.117158465 

56 50 1.0068622827529907 9.032034873962402 0.12066612 

56 100 1.0066276788711548 8.595561027526855 0.114010364 

56 150 1.0066487789154053 7.899681091308594 0.10542054 

57 50 1.0065672397613525 8.231019973754883 0.1091136 

57 100 1.0068734884262085 8.642027854919434 0.11378872 

57 150 1.006608486175537 9.304919242858887 0.123617776 

58 50 1.0064904689788818 8.636144638061523 0.113219865 

58 100 1.0064802169799805 9.033883094787598 0.11873464 

58 150 1.0064860582351685 8.018413543701172 0.10647253 

59 50 1.0064969062805176 8.484288215637207 0.11192631 

59 100 1.0064977407455444 8.342967987060547 0.10829269 

59 150 1.0065040588378906 8.041900634765625 0.10700931 

60 50 1.0064997673034668 7.919905185699463 0.104360715 

60 100 1.0064709186553955 8.763477325439453 0.11480835 

60 150 1.0064563751220703 8.307331085205078 0.108815566 

61 50 1.0064663887023926 8.517459869384766 0.111850016 

61 100 1.0064674615859985 9.768616676330566 0.12953553 

61 150 1.0064349174499512 9.35341739654541 0.12234254 

62 50 1.0064579248428345 8.675118446350098 0.114262894 

62 100 1.0064404010772705 8.586878776550293 0.11361347 

62 150 1.0064408779144287 8.502636909484863 0.11144603 

63 50 1.0064496994018555 8.385211944580078 0.11053079 

63 100 1.0064347982406616 9.496667861938477 0.12379434 

63 150 1.0064412355422974 8.357417106628418 0.109985754 

64 50 1.0064351558685303 8.043268203735352 0.10758621 

64 100 1.006538987159729 8.436767578125 0.11299393 

64 150 1.0064377784729004 8.568509101867676 0.110548556 

65 50 1.0064350366592407 7.890331268310547 0.10215257 

65 100 1.0064342021942139 9.053749084472656 0.11801082 

65 150 1.0064367055892944 7.688190460205078 0.10293303 

66 50 1.006425142288208 8.058586120605469 0.10823856 

66 100 1.0064235925674438 8.085350036621094 0.106547445 

66 150 1.0064451694488525 8.057804107666016 0.106398575 

67 50 1.006439447402954 7.989421844482422 0.104815446 

67 100 1.0064330101013184 8.171953201293945 0.10689579 

67 150 1.0064365863800049 7.763640880584717 0.102166906 

68 50 1.0064314603805542 8.642829895019531 0.115788154 

68 100 1.0064332485198975 8.589282035827637 0.1146402 

68 150 1.0064367055892944 8.157978057861328 0.10947832 

69 50 1.0064436197280884 8.069987297058105 0.10769998 

69 100 1.0064287185668945 8.423019409179688 0.10982697 

69 150 1.0064218044281006 7.5388288497924805 0.100253865 

70 50 1.0064321756362915 8.000188827514648 0.10654554 

70 100 1.0064239501953125 8.479264259338379 0.11255475 

70 150 1.0064226388931274 8.185148239135742 0.10836686 

71 50 1.0064198970794678 7.940126895904541 0.10433 

71 100 1.0064243078231812 8.125601768493652 0.10725823 

71 150 1.0064284801483154 8.380996704101562 0.10917717 

72 50 1.0064270496368408 8.102688789367676 0.10609954 

72 100 1.006425142288208 7.936822891235352 0.10687609 

72 150 1.0064191818237305 8.034239768981934 0.105229475 

73 50 1.0064191818237305 7.839607238769531 0.10102449 

73 100 1.0064194202423096 8.005974769592285 0.10466859 

73 150 1.006418228149414 8.203108787536621 0.10997618 

74 50 1.3862264156341553 8.112789154052734 0.10758672 

74 100 1.3862817287445068 8.868243217468262 0.117064215 

74 150 1.380871295928955 7.792850017547607 0.103820615 

75 50 1.0640618801116943 8.180688858032227 0.10798224 

75 100 1.0072021484375 8.110910415649414 0.10932804 

75 150 1.0073046684265137 8.02256965637207 0.10608249 

76 50 1.0066343545913696 8.195297241210938 0.10751097 

76 100 1.0066006183624268 7.902054309844971 0.1040411 

76 150 1.0065046548843384 8.0535306930542 0.10645567 

77 50 1.0064975023269653 7.477749824523926 0.09978281 

77 100 1.0065802335739136 7.7350077629089355 0.10176036 

77 150 1.0064865350723267 7.710139274597168 0.10343567 

78 50 1.0064576864242554 7.855802059173584 0.10309551 

78 100 1.0064972639083862 8.630775451660156 0.11227848 

78 150 1.0064833164215088 8.18776798248291 0.1068651 

79 50 1.0064502954483032 8.143930435180664 0.10700504 

79 100 1.0064492225646973 7.792957782745361 0.10323275 

79 150 1.006441354751587 7.946568489074707 0.104033664 

80 50 1.0064482688903809 8.278120994567871 0.10904448 

80 100 1.0064805746078491 9.334443092346191 0.12407188 

80 150 1.006434440612793 7.7960944175720215 0.10330716 

81 50 1.006428599357605 7.829779624938965 0.102777205 

81 100 1.006429672241211 8.036382675170898 0.10664385 

81 150 1.0064265727996826 8.2327880859375 0.107770756 

82 50 1.0064245462417603 7.770292282104492 0.10256926 

82 100 1.0064295530319214 7.602578163146973 0.10036803 

82 150 1.0064219236373901 8.114900588989258 0.10727545 

83 50 1.0064207315444946 8.79223346710205 0.11508578 

83 100 1.006460189819336 8.243714332580566 0.10792026 

83 150 1.006433129310608 8.203031539916992 0.10990677 

84 50 1.0064250230789185 9.622721672058105 0.12584227 

84 100 1.0064308643341064 7.519252777099609 0.099335745 

84 150 1.0064311027526855 8.101245880126953 0.10972927 

85 50 1.0064220428466797 7.670093536376953 0.100350365 

85 100 1.006424903869629 7.7018208503723145 0.10214353 

85 150 1.0064213275909424 8.324607849121094 0.11064537 

86 50 1.0064213275909424 8.162252426147461 0.10739261 

86 100 1.00641930103302 7.8948211669921875 0.102134585 

86 150 1.006422996520996 8.13016128540039 0.105955504 

87 50 1.006419062614441 7.367331504821777 0.09683103 

87 100 1.0064191818237305 7.5591349601745605 0.0995378 

87 150 1.0064194202423096 7.1341166496276855 0.09428759 

88 50 1.006420612335205 8.110815048217773 0.1067929 

88 100 1.0064196586608887 7.635889053344727 0.10221168 

88 150 1.0064144134521484 8.049858093261719 0.106854916 

89 50 1.0064194202423096 7.537660121917725 0.10139668 

89 100 1.006415843963623 7.978573799133301 0.10389771 

89 150 1.0064194202423096 7.395546913146973 0.09811111 

90 50 1.0064170360565186 9.141685485839844 0.120413 

90 100 1.0064177513122559 7.6211981773376465 0.1004385 

90 150 1.0064246654510498 8.79881477355957 0.11402186 

91 50 1.0064187049865723 7.643294334411621 0.10021805 

91 100 1.0064146518707275 8.15481948852539 0.10718807 

91 150 1.0064146518707275 8.293233871459961 0.109956585 

92 50 1.0064163208007812 7.561229705810547 0.10016831 

92 100 1.0064162015914917 7.814890384674072 0.1028019 

92 150 1.0064153671264648 7.660144805908203 0.1008295 

93 50 1.0064705610275269 8.002788543701172 0.1045343 

93 100 1.0064499378204346 7.806108474731445 0.101661585 

93 150 1.0064265727996826 8.218531608581543 0.11098103 

94 50 1.0064302682876587 8.152508735656738 0.106694706 

94 100 1.0064282417297363 7.5988078117370605 0.09968868 

94 150 1.0064201354980469 8.230016708374023 0.10652618 

95 50 1.0064160823822021 8.299951553344727 0.10910087 

95 100 1.0064221620559692 8.514299392700195 0.10929003 

95 150 1.0064144134521484 7.708571910858154 0.10089382 

96 50 1.0064162015914917 8.486795425415039 0.109571345 

96 100 1.006422758102417 6.982807159423828 0.09204084 

96 150 1.0064150094985962 7.804988384246826 0.10161813 

97 50 1.006415843963623 8.091531753540039 0.1069797 

97 100 1.006415605545044 8.052751541137695 0.10585063 

97 150 1.0064126253128052 7.436892032623291 0.09874595 

98 50 1.0064133405685425 8.081016540527344 0.106454246 

98 100 1.0064148902893066 7.064210891723633 0.094153784 

98 150 1.0064215660095215 7.585628986358643 0.09977954 

99 50 1.0064444541931152 7.216872692108154 0.0957117 

99 100 1.0064150094985962 8.814900398254395 0.11587858 

99 150 1.00641667842865 7.891607761383057 0.1032043 

100 50 1.0064133405685425 7.787489891052246 0.10125631 

100 100 1.006414532661438 7.607797145843506 0.09945118 

100 150 1.0064245462417603 7.6428680419921875 0.100187145 

